   20.002   1
   23.510   2
   27.144   2
   30.780   1
   34.388   3
   37.912   2
   41.570   2
   45.184   2
   48.780   1
   52.308   3
   56.020   3
   59.696   2
   63.218   2
   66.802   3
   70.330   4
   74.018   3
   77.590   1
   81.150   3
   84.780   2
   88.334   1
   91.960   2
   95.506   1
   99.100   1
  102.710   1
  106.312   3
  109.990   4
  113.636   3
  117.174   4
  120.866   1
  124.492   1
  128.068   1
  131.744   1
  135.448   3
  138.972   2
  142.554   1
  146.258   2
  149.950   2
  153.486   1
  157.072   3
  160.626   1
  164.306   3
  167.910   1
  171.554   4
  175.118   2
  178.806   1
  182.316   4
  185.870   1
  189.424   1
  193.098   1
  196.608   1
  200.314   1
  203.910   1
  207.444   2
  210.954   1
  214.468   1
  218.086   1
  221.650   1
  225.238   1
  228.784   1
  232.306   3
  235.972   2
  239.494   1
  243.106   1
  246.782   2
  250.434   2
  253.988   2
  257.650   2
  261.204   2
  264.852   3
  268.526   2
  272.218   1
  275.866   1
  279.436   4
  283.008   2
  286.676   2
  290.302   2
  293.884   1
  297.500   2
  301.068   2
  304.606   3
  308.206   1
  311.764   1
  315.456   1
  318.966   3
  322.562   1
  326.100   1
  329.772   2
  333.376   1
  337.020   1
  340.578   2
  344.208   2
  347.822   4
  351.502   2
  355.160   3
  358.770   2
  362.340   1
  366.034   2
  369.720   1
  373.348   2
  377.008   1
  380.688   1
  384.290   3
  387.908   2
  391.536   2
  395.168   3
  398.744   2
  402.344   2
  405.854   1
  409.520   1
  413.162   2
  416.824   2
  420.374   4
  423.956   2
  427.560   1
  431.124   2
  434.704   1
  438.224   1
  441.880   2
  445.500   1
  449.124   1
  452.794   2
  456.438   1
  460.066   2
  463.630   3
  467.286   1
  470.902   2
  474.608   2
  478.252   3
  481.930   1
  485.528   3
  489.234   1
  492.850   2
  496.400   2
  499.922   1
  503.440   2
  506.982   2
  510.636   2
  514.202   3
  517.856   1
  521.412   1
  524.964   4
  528.640   2
  532.150   3
  535.760   1
  539.360   1
  543.068   3
  546.650   3
  550.298   2
  553.802   1
  558.226   3
  561.746   2
  565.372   1
  568.908   2
  572.678   2
  576.374   1
  580.072   2
  583.642   2
  587.316   2
  590.874   4
  594.572   3
  598.102   2
  601.796   1
  605.400   3
  610.318   1
  613.930   3
  617.434   1
  621.094   3
  624.756   3
  628.354   3
  631.930   1
  635.582   2
  639.230   2
  642.922   3
  646.580   1
  650.100   1
  653.746   3
  657.424   2
  661.078   2
  664.754   2
  668.444   3
  672.060   2
  675.584   2
  679.264   2
  682.788   2
  686.370   1
  690.974   2
  696.956   1
  700.524   2
  704.130   2
  707.814   3
  711.432   2
  715.056   2
  718.646   1
  722.210   1
  725.732   1
  729.394   2
  732.918   2
  736.452   3
  741.144   3
  744.752   2
  748.398   2
  752.090   3
